
 PCB表信息如下： 
进程编号	作业编号	 指令数目	到达时间 	所需时间	指令编号	指令状态	指令时间	指令地址
0	0 	6	80	190
					0	1	40	1
					1	1	40	513
					2	0	40	1025
					3	1	40	1537
					4	1	20	2049
					5	1	10	2561
1	1 	7	100	200
					0	0	30	1
					1	0	10	513
					2	0	40	1025
					3	1	30	1537
					4	0	20	2049
					5	0	40	2561
					6	0	30	3073
2	2 	8	130	270
					0	2	50	1
					1	0	20	513
					2	0	40	1025
					3	1	40	1537
					4	1	10	2049
					5	1	30	2561
					6	0	30	3073
					7	2	50	3585
3	3 	9	210	280
					0	2	50	1
					1	0	40	513
					2	0	20	1025
					3	1	30	1537
					4	0	20	2049
					5	0	20	2561
					6	0	40	3073
					7	1	10	3585
					8	2	50	4097
4	4 	11	290	260
					0	0	30	1
					1	1	30	513
					2	0	10	1025
					3	0	20	1537
					4	0	20	2049
					5	0	10	2561
					6	1	10	3073
					7	1	30	3585
					8	0	40	4097
					9	0	20	4609
					10	0	40	5121
5	5 	10	310	230
					0	1	30	1
					1	1	20	513
					2	1	20	1025
					3	0	20	1537
					4	1	20	2049
					5	1	30	2561
					6	0	10	3073
					7	1	10	3585
					8	0	40	4097
					9	1	30	4609
6	6 	9	380	190
					0	0	20	1
					1	1	10	513
					2	1	10	1025
					3	0	30	1537
					4	0	30	2049
					5	1	20	2561
					6	0	10	3073
					7	1	40	3585
					8	1	20	4097
7	7 	9	460	240
					0	0	30	1
					1	0	30	513
					2	0	30	1025
					3	0	40	1537
					4	0	20	2049
					5	1	20	2561
					6	0	20	3073
					7	0	30	3585
					8	0	20	4097
8	8 	8	490	190
					0	0	20	1
					1	0	10	513
					2	1	40	1025
					3	0	20	1537
					4	1	40	2049
					5	1	20	2561
					6	0	10	3073
					7	0	30	3585
9	9 	5	1650	140
					0	0	30	1
					1	1	10	513
					2	1	30	1025
					3	1	30	1537
					4	1	40	2049
