进程0需要写回的页面已写回
页号	块号	驻留位	访问字段	修改位
0	23	1	5	1
1	29	1	4	1
3	2	1	2	1
5	39	1	0	1
进程1需要写回的页面已写回
页号	块号	驻留位	访问字段	修改位
0	25	1	6	1
1	10	1	5	1
2	5	1	4	1
5	8	1	1	1
6	31	1	0	1
进程2需要写回的页面已写回
页号	块号	驻留位	访问字段	修改位
1	47	1	5	1
3	25	1	3	1
6	33	1	0	1
进程3需要写回的页面已写回
页号	块号	驻留位	访问字段	修改位
1	34	1	6	1
5	37	1	2	1
7	40	1	0	1
进程4需要写回的页面已写回
页号	块号	驻留位	访问字段	修改位
0	55	0	0	1
1	28	0	0	1
3	60	0	0	1
5	12	1	5	1
7	62	1	3	1
9	34	1	1	1
进程5需要写回的页面已写回
页号	块号	驻留位	访问字段	修改位
3	31	1	6	1
8	23	1	1	1
进程6需要写回的页面已写回
页号	块号	驻留位	访问字段	修改位
0	62	0	0	1
1	29	0	0	1
4	26	1	4	1
7	13	1	1	1
进程7需要写回的页面已写回
页号	块号	驻留位	访问字段	修改位
1	57	0	0	1
2	8	1	6	1
5	55	1	3	1
7	18	1	1	1
8	36	1	0	1
进程8需要写回的页面已写回
页号	块号	驻留位	访问字段	修改位
0	47	0	0	1
1	30	1	6	1
6	30	1	1	1
7	54	1	0	1
进程9需要写回的页面已写回
页号	块号	驻留位	访问字段	修改位
1	14	1	3	1
2	48	1	2	1
3	12	1	1	1
